19 34 34 28
-5 -26 37 -100 -94 -65 7 40 -14 61 -15 -41 -25 -11 -50 86 -79 -95 -15 -91 -12 24 -75 46 3 74 88 51 76 94 -7 70 -39 29
-72 24 50 -70 75 -99 57 85 -46 28 6 69 -17 48 -80 61 3 -78 37 -1 97 -97 70 31 -74 13 -96 91 87 -16 86 -36 13 -48
-63 15 -6 -4 -14 7 -86 -65 0 64 32 2 -49 96 -76 -40 10 20 30 72 -66 -68 -55 -18 90 95 81 -15 -2 -32 88 -50 -79 50
88 32 1 -45 28 -69 -33 50 -97 -14 99 50 -24 -93 -21 61 67 46 -11 23 16 -28 -10 74 -32 15 -95 49 53 -38 -72 -18 78 71
-5 -26 37 -100 -94 -65 7 40 -14 61 -15 -41 -25 -11 -50 86 -79 -95 -15 -91 -12 24 -75 46 3 74 88 51 76 94 -7 70 -39 29
-72 24 50 -70 75 -99 57 85 -46 28 6 69 -17 48 -80 61 3 -78 37 -1 97 -97 70 31 -74 13 -96 91 87 -16 86 -36 13 -48
-63 15 -6 -4 -14 7 -86 -65 0 64 32 2 -49 96 -76 -40 10 20 30 72 -66 -68 -55 -18 90 95 81 -15 -2 -32 88 -50 -79 50
88 32 1 -45 28 -69 -33 50 -97 -14 99 50 -24 -93 -21 61 67 46 -11 23 16 -28 -10 74 -32 15 -95 49 53 -38 -72 -18 78 71
-5 -26 37 -100 -94 -65 7 40 -14 61 -15 -41 -25 -11 -50 86 -79 -95 -15 -91 -12 24 -75 46 3 74 88 51 76 94 -7 70 -39 29
-72 24 50 -70 75 -99 57 85 -46 28 6 69 -17 48 -80 61 3 -78 37 -1 97 -97 70 31 -74 13 -96 91 87 -16 86 -36 13 -48
-63 15 -6 -4 -14 7 -86 -65 0 64 32 2 -49 96 -76 -40 10 20 30 72 -66 -68 -55 -18 90 95 81 -15 -2 -32 88 -50 -79 50
88 32 1 -45 28 -69 -33 50 -97 -14 99 50 -24 -93 -21 61 67 46 -11 23 16 -28 -10 74 -32 15 -95 49 53 -38 -72 -18 78 71
-5 -26 37 -100 -94 -65 7 40 -14 61 -15 -41 -25 -11 -50 86 -79 -95 -15 -91 -12 24 -75 46 3 74 88 51 76 94 -7 70 -39 29
-72 24 50 -70 75 -99 57 85 -46 28 6 69 -17 48 -80 61 3 -78 37 -1 97 -97 70 31 -74 13 -96 91 87 -16 86 -36 13 -48
-63 15 -6 -4 -14 7 -86 -65 0 64 32 2 -49 96 -76 -40 10 20 30 72 -66 -68 -55 -18 90 95 81 -15 -2 -32 88 -50 -79 50
88 32 1 -45 28 -69 -33 50 -97 -14 99 50 -24 -93 -21 61 67 46 -11 23 16 -28 -10 74 -32 15 -95 49 53 -38 -72 -18 78 71
-5 -26 37 -100 -94 -65 7 40 -14 61 -15 -41 -25 -11 -50 86 -79 -95 -15 -91 -12 24 -75 46 3 74 88 51 76 94 -7 70 -39 29
-72 24 50 -70 75 -99 57 85 -46 28 6 69 -17 48 -80 61 3 -78 37 -1 97 -97 70 31 -74 13 -96 91 87 -16 86 -36 13 -48
-63 15 -6 -4 -14 7 -86 -65 0 64 32 2 -49 96 -76 -40 10 20 30 72 -66 -68 -55 -18 90 95 81 -15 -2 -32 88 -50 -79 50
75 -13 -72 -27 -15 11 -65 67 -20 -55 -87 29 19 9 70 -36 43 91 -67 25 -20 -95 -79 -98 -8 -62 75 4
-40 -64 53 -30 -43 -59 -59 40 -28 41 -38 -99 -77 -52 -30 -27 -76 -28 26 3 -84 38 45 -81 -20 87 -74 51
22 21 60 -31 -84 -18 -46 -16 -57 97 95 46 -87 -54 -69 -35 51 -67 42 94 72 92 -52 70 19 -74 -67 -32
-87 -77 -54 51 18 -56 19 1 -15 25 -98 94 26 -63 -7 45 16 -10 -2 68 -36 -27 -57 8 -44 -27 15 59
75 -13 -72 -27 -15 11 -65 67 -20 -55 -87 29 19 9 70 -36 43 91 -67 25 -20 -95 -79 -98 -8 -62 75 4
-40 -64 53 -30 -43 -59 -59 40 -28 41 -38 -99 -77 -52 -30 -27 -76 -28 26 3 -84 38 45 -81 -20 87 -74 51
22 21 60 -31 -84 -18 -46 -16 -57 97 95 46 -87 -54 -69 -35 51 -67 42 94 72 92 -52 70 19 -74 -67 -32
-87 -77 -54 51 18 -56 19 1 -15 25 -98 94 26 -63 -7 45 16 -10 -2 68 -36 -27 -57 8 -44 -27 15 59
75 -13 -72 -27 -15 11 -65 67 -20 -55 -87 29 19 9 70 -36 43 91 -67 25 -20 -95 -79 -98 -8 -62 75 4
-40 -64 53 -30 -43 -59 -59 40 -28 41 -38 -99 -77 -52 -30 -27 -76 -28 26 3 -84 38 45 -81 -20 87 -74 51
22 21 60 -31 -84 -18 -46 -16 -57 97 95 46 -87 -54 -69 -35 51 -67 42 94 72 92 -52 70 19 -74 -67 -32
-87 -77 -54 51 18 -56 19 1 -15 25 -98 94 26 -63 -7 45 16 -10 -2 68 -36 -27 -57 8 -44 -27 15 59
75 -13 -72 -27 -15 11 -65 67 -20 -55 -87 29 19 9 70 -36 43 91 -67 25 -20 -95 -79 -98 -8 -62 75 4
-40 -64 53 -30 -43 -59 -59 40 -28 41 -38 -99 -77 -52 -30 -27 -76 -28 26 3 -84 38 45 -81 -20 87 -74 51
22 21 60 -31 -84 -18 -46 -16 -57 97 95 46 -87 -54 -69 -35 51 -67 42 94 72 92 -52 70 19 -74 -67 -32
-87 -77 -54 51 18 -56 19 1 -15 25 -98 94 26 -63 -7 45 16 -10 -2 68 -36 -27 -57 8 -44 -27 15 59
75 -13 -72 -27 -15 11 -65 67 -20 -55 -87 29 19 9 70 -36 43 91 -67 25 -20 -95 -79 -98 -8 -62 75 4
-40 -64 53 -30 -43 -59 -59 40 -28 41 -38 -99 -77 -52 -30 -27 -76 -28 26 3 -84 38 45 -81 -20 87 -74 51
22 21 60 -31 -84 -18 -46 -16 -57 97 95 46 -87 -54 -69 -35 51 -67 42 94 72 92 -52 70 19 -74 -67 -32
-87 -77 -54 51 18 -56 19 1 -15 25 -98 94 26 -63 -7 45 16 -10 -2 68 -36 -27 -57 8 -44 -27 15 59
75 -13 -72 -27 -15 11 -65 67 -20 -55 -87 29 19 9 70 -36 43 91 -67 25 -20 -95 -79 -98 -8 -62 75 4
-40 -64 53 -30 -43 -59 -59 40 -28 41 -38 -99 -77 -52 -30 -27 -76 -28 26 3 -84 38 45 -81 -20 87 -74 51
22 21 60 -31 -84 -18 -46 -16 -57 97 95 46 -87 -54 -69 -35 51 -67 42 94 72 92 -52 70 19 -74 -67 -32
-87 -77 -54 51 18 -56 19 1 -15 25 -98 94 26 -63 -7 45 16 -10 -2 68 -36 -27 -57 8 -44 -27 15 59
75 -13 -72 -27 -15 11 -65 67 -20 -55 -87 29 19 9 70 -36 43 91 -67 25 -20 -95 -79 -98 -8 -62 75 4
-40 -64 53 -30 -43 -59 -59 40 -28 41 -38 -99 -77 -52 -30 -27 -76 -28 26 3 -84 38 45 -81 -20 87 -74 51
22 21 60 -31 -84 -18 -46 -16 -57 97 95 46 -87 -54 -69 -35 51 -67 42 94 72 92 -52 70 19 -74 -67 -32
-87 -77 -54 51 18 -56 19 1 -15 25 -98 94 26 -63 -7 45 16 -10 -2 68 -36 -27 -57 8 -44 -27 15 59